3792860990741169
3787108955784829
3785841386866689
3781478035557466
3777357987577849
3774291095729490
3772695548904489
3769737339921778
3759912887333833
3756984541829676
3755800070324706
3753786804392184
3753526069671479
3753599151184770
3747760814297360
3733640891183573
3724633824634318
3723478679800434
3723103423876445
3720514380690243
3707643739353298
3704543527980890
3700381905915074
3698850280382567
3698734953807262
3673157618198260
3669766154319126
3666888291440349
3659387231660099
3659263147382506
3640690668562030
3635205424974130
3633606824689898
3625099081708309
3618679649046919
3615923739692112
3611577970944797
3604865557792775
3604865557917677
3607335902202963
3603196979776799
3594009189099450
3588716682094783
3588612277472193
3584389653609032
3584389653649704
3584138481873178
3581504458987226
3577133994185083
3577134027734905
3575546349464305
3569630904446431
3561412920773878
3543400683581724
3530245534189949
3530387519836946
3523067117217798
3518726683592188
3513055531623808
3507368290330860
3503073725656507
3502805726406769
3499895869236106
3494061189744023
3492838415864305
3444954563761146
3429490651483040
3427976339944670
3427976339883868
3423495497785588
3410000995783541
3385318858924134
3385345249457688
3369594127974767
3358418690244824
3350553581771203
3342423393194028
3325985949387175
3319193659867721
3314403714380375
3300163548990075
3298332517252577
3298609257336304
3297575478902151
3295811119679954
3278507015300377
3272635509737297
3270059452182261
3262381426336101
3250816958525238
3240683872308717
3210576738838954
3205926564230457
3198939994676299
3180102653971963
3176545263408621
3164401964828460
3163564429361467
3158418471443009
3146482371402956
3146148941021274
3143473159616099
3142430203939329
3127321331154421
3107060393311750
3102870317179691
3091631042073583
3088505547357401
3084152379883940
3084216754175061
3076751195014181
3069674447839864
3057962810160794
3057962676047436
3042599963829497
3029282931196543
3019998587691355
3013377694173275
3009882563878025
3004442467760676
3004442350356100
3006111498702552
3001538247841615
2985280001347269
2970053755090959
2968180897710424
2965511877541246
2914838494410078
2914838511171737
2898940320640875
2888288902420281
2869751085402547
2859724719118970
2846144619735196
2843212130150497
2839521864107040
2827201884627681
2804034663207619
2789610736930344
2784069105080910
2757826469022963
2738070005352704
2713417111141940
2711678941283990
2701467841050878
2692967765204173
2688272476794663
2688272459997938
2688154415545216
2679570654964617
2672652385403574
2672259664317196
2670925791730502
2669472146680802
2668410450842100
2668410450902697
2666680552066603
2665173622523091
2627397774628746
2625878916479065
2620495510549669
2601288886563302
2568006060900172
2562407537489893
2559962157568197
2559962140776400
2557598096876748
2550491502939774
2541593370969099
2537822540645491
2529249232351165
2520027685798847
2518513642744272
2511531183539744
2507343439429514
2489926558551633
2491027747835815
2489926558587947
2488662294662918
2479807045201503
2478032888072459
2463778462095849
2331590827576814
2299899169910253
2228644689380164
2199885823223504
2190920783631771
2190920783666827
2190920783646710
2190920783676762
2190920783686795
2190920783586251
2190920783606297
2190920783581228
2190920783566246
2190920783641738
2190920783576228
2190920783596250
2190920783651772
2190920783611266
2190920783611265
2190920783606284
2190920783666806
2190920783601221
2190920783676735
2190920783581215
2190920783651768
2190920783611259
2190920783686743
2190920783616150
2190920783591232
2190189313720758
2190189313720716
2190189313720671
2190189313720631
2190189313720622
2190189313720565
2190189313720476
2190189313720427
2190189313720415
2190189313720397
